0000000000000000
0110101001110001
0111011000110100
0001100010110011
1010010100100101
1000001010011101
1101000000001010
0100100001011011
0111111111111011
0100010100000111
1100110000110001
1000000111001010
1010100010101100
0001111000001001
0111100001101100
0110011001101110
1111100000100100
1001000011100111
1000110111101000
1111000111111011
0110001011000011
0111101000110010
0010001011110011
1010101111111101
1000000100111001
1100100110010101
0100001101101111
0111111111110111
0100011111111100
1100111001100000
1000000111111111
1010100010100100
0001111100100001
0111100100101110
0110010001010010
1111001110001000
1000111000100100
1001000100111010
1111101000010100
0110100001101000
0111011010101110
0001011110100011
1010001011000110
1000001111100101
1101011110100000
0101000010110011
0111111100100110
0011011111100000
1011110011001011
1000000000000011
1011101000001001
0011010100010110
0111111011001101
0101001010000001
1101100101010100
1000010000101100
1010001010001110
0001100000111010
0111011101001001
0110011011000001
1111010111111100
1000111010010001
1001000110001000
1111110000111001
0110101001111110
0111010010100001
0001000011111001
1001110101001011
1000011010101001
1110001010001011
0101101001000111
0111110010110001
0010100100011110
1010111010010011
1000000100101110
1100110000010110
0100100001001111
0111111111011001
0011110111001011
1100000011100100
1000000000010101
1011100100111101
0011010111110011
0111111100101001
0100111011010000
1101001100001000
1000001001001000
1010101000000100
0010010000111111
0111101110110110
0101110001001111
1110010000011101
1000011010111001
1001111000100111
0001001111110000
0111011010000100
0110011010100100
1111001110001000
1000110001110100
1001010100111101
0000010110000000
0111000001110101
0110111001000100
0000000011101101
1001001010100111
1000111011000111
1111100100110010
0110101001000111
0111001110101110
0000110000011100
1001100010101011
1000101001001000
1110111100100101
0110010010001110
0111011101100000
0001010100000110
1001110111111101
1000011101001001
1110011101011101
0101111110111011
0111100111000100
0001101110101110
1010001000111100
1000010101101010
1110000111010010
0101110000100001
0111101100110010
0010000000011111
1010010100100101
1000010001011101
1101111001111000
0101100111110100
0111101111101000
0010001001100110
1010011010001111
1000001111110101
1101110101000010
0101100101010010
0111110000001001
0010001010001011
1010011001100110
1000010000011010
1101111000101111
0101101001000100
0111101110011011
0010000010001101
1010010010101110
1000010011010110
1110000101000000
0101110010111101
0111101010001001
0001110001100110
1010000101111100
1000011001001011
1110011001111111
0110000010011011
0111100010100001
0001011000001010
1001110100000000
1000100010111001
1110110111111010
0110010110100011
0111010110011000
0000110101101110
1001011110000010
1000110001110111
1111011110111010
0110101101111110
0111000100001001
0000001010001100
1001000101101001
1001000111110011
0000001110111011
0111000110110011
0110101010000001
1111010101110001
1000101100111111
1001100110100111
0001000111100110
0111011110100110
0110000110000000
1110011001000110
1000010110110100
1010010000010101
0010000111111011
0111110010010010
0101010110001000
1101010101100011
1000000110100001
1011000110110010
0011001110001000
0111111110001101
0100011000110000
1100001101010111
1000000000000001
1100001011010110
0100010111011100
0111111110001111
0011001100111000
1011000011111101
1000000111100100
1101011110100001
0101011111110100
0111101110000001
0001110010100101
1001111101111101
1000100001100000
1110111111100010
0110100001111101
0111001001011000
0000001011011111
1001000001010010
1001010001101101
0000101011110011
0111010111011000
0110001100111001
1110011011001111
1000010100111110
1010011010111100
0010011110100010
0111111000101100
0100110110101110
1100100111110101
1000000000100100
1011111101111101
0100010000100000
0111111110010101
0011000111010110
1010111001101110
1000001011011011
1101111000101111
0101111000000100
0111100001011101
0001000010100110
1001011011100111
1000111011011111
0000000101100000
0111001001101010
0110011101011011
1110110000010011
1000011001101010
1010010011110001
0010011010010011
0111111000111001
0100110001001111
1100011100100100
1000000000000010
1100010010110011
0100101000111110
0111111010010011
0010100001001101
1010010111010110
1000011000111011
1110110001001000
0110100000000101
0111000101101100
1111111000001000
1000110011000111
1001101001111000
0001100000100010
0111101100110001
0101011000110011
1101000111101010
1000000010010100
1011110001001011
0100001100001010
0111111101111011
0010111001111000
1010100111010100
1000010011101110
1110100011101001
0110011010011101
0111001000001001
1111111001010010
1000110001110100
1001101110010011
0001101011101011
0111110000110000
0101001001111110
1100110001100100
1000000000011011
1100001101000100
0100101010011111
0111111000101100
0010001111011111
1010000100101111
1000100100111100
1111011100011110
0110111100001011
0110100110101010
1110110011101110
1000010110111001
1010100011010001
0010111010011110
0111111110100001
0011111111110011
1011011110110000
1000000110000010
1101101100010001
0101111010100110
0111011010001000
0000011101101000
1000111111010000
1001100000101011
0001011100010000
0111101110100010
0101001011011110
1100101101000101
1000000000000101
1100011101101010
0100111110111000
0111110010001110
0001101001010111
1001100111010011
1000111011001111
0000011000011000
0111011001100010
0101111000110101
1101100101010100
1000000100010010
1011101101110110
0100010100011111
0111111011010001
0010010110100111
1010000011010011
1000101001011100
1111110001110000
0111001010101101
0110001110100001
1110000010101100
1000001000101000
1011011000111101
0100000001010110
0111111101100100
0010100110110011
1010001101000010
1000100100111110
1111101000110101
0111000111111011
0110010000101110
1110000011011110
1000001000010010
1011011100101110
0100000111101000
0111111100100000
0010011010101111
1010000010100101
1000101100000010
1111111101101001
0111010010001000
0101111111111001
1101100111101001
1000000011100101
1011111001100101
0100100110101001
0111110110010110
0001110001110100
1001100110000000
1001000001011100
0000110000000110
0111100101100110
0101011000101010
1100110000110001
1000000000000001
1100110010011111
0101011010100101
0111100100010111
0000101010100100
1000111101101101
1001101100010110
0001111111000101
0111111001011010
0100010100110011
1011100011011101
1000001000001111
1110001011010101
0110011011000010
0110111011011000
1111000100111000
1000010101101001
1010110110101100
0011100101111001
0111111111000100
0010101101100010
1010001001101011
1000101011100011
0000000101110011
0111011001000110
0101101101100111
1101000101100001
1000000000001111
1100101010000101
0101011000101011
0111100011000010
0000011111111010
1000110101101110
1001111011100001
0010011100011110
0111111110000001
0011101110111100
1010111010111011
1000010101100010
1111001010001001
0111000000111111
0110010000000000
1101110010111100
1000000011011010
1100000110010110
0100111101000110
0111101100110000
0000111100000110
1001000001000110
1001101110100001
0010001100101011
0111111100110000
0011110110100011
1010111110100101
1000010101010100
1111001101010001
0111000100010110
0110001001000010
1101100100101001
1000000001100101
1100011010011111
0101010001101001
0111100011100011
0000011001101000
1000101111100101
1010001010001110
0010111000101000
0111111111111011
0011000101101110
1010010011011110
1000101010100111
0000001111001110
0111100000110011
0101010101110001
1100011100100100
1000000001101100
1101101001111100
0110001111100000
0110111100111100
1110111000011001
1000001110010000
1011011001100101
0100011001100110
0111110101000010
0001010101011101
1001001001011001
1001101001111100
0010001110010000
0111111101110110
0011100100111111
1010101000100111
1000100001100000
1111111100010010
0111011011111001
0101011100001000
1100011111101011
1000000001110101
1101110000100000
0110010110111010
0110110100001100
1110100010010111
1000001000100010
1011110100111000
0100111000011000
0111101010011101
0000100101101100
1000110000010101
1010010000000111
0011001010000110
0111111111100000
0010100000101110
1001110010010001
1001000101110011
0001010101010010
0111110110011110
0100001100111001
1011000110101111
1000010110110010
1111100001110001
0111010100000110
0101100110000110
1100100110010100
1000000001110000
1101110101101101
0110011101111101
0110101010011010
1110001010010101
1000000011110101
1100010101011010
0101011001110101
0111011001110000
1111101101001111
1000011001001110
1011000011100000
0100001101001011
0111110101011100
0001001010110010
1000111101101101
1010000001000110
0010111100101110
0111111111110000
0010100000000000
1001101101000011
1001001110000101
0001101100011110
0111111011100001
0011101011000110
1010100011010101
1000101001011100
0000011111011011
0111101011110011
0100101011010010
1011011101000111
1000010001100100
1111010111110001
0111010011100111
0101100000100101
1100010111011111
1000000100011110
1110010110111010
0110110101110011
0110001011100011
1101010000001100
1000000000000100
1101011101100101
0110010100110111
0110101101001100
1110000101011110
1000000010001110
1100101100000001
0101110010111101
0111000110110000
1110110110001000
1000001000111110
1100000010000100
0101010001110111
0111011001100001
1111100001010110
1000010010100010
1011011111010100
0100110010111111
0111100110110101
0000000110101010
1000011101011000
1011000011001110
0100010111011100
0111101111111000
0000100101110011
1000101000001100
1010101101001010
0100000000000000
0111110101110000
0000111110101101
1000110001111100
1010011100100101
0011101101010011
0111111001010111
0001010001011010
1000111001110100
1010010000111011
0011011111101110
0111111011011011
0001011101111110
1000111111010000
1010001001110101
0011010111100010
0111111100011010
0001100100011101
1001000001110111
1010000111000000
0011010100111000
0111111100100110
0001100100111010
1001000001011111
1010001000010111
0011010111110011
0111111100000100
0001011111010110
1000111110001010
1010001101111011
0011100000010000
0111111010101010
0001010011101101
1000111000000100
1010010111111100
0011101110000101
0111110111111110
0001000001111100
1000101111101010
1010100110101111
0100000001000010
0111110011011101
0000101001111111
1000100101100100
1010111010110011
0100011000101011
0111101100010001
0000001011110010
1000011010101001
1011010100101101
0100110100011010
0111100001011101
1111100111011010
1000001111111111
1011110101000010
0101010011011010
0111010001110111
1110111101000100
1000000110111110
1100011100011010
0101110100100101
0110111100001110
1110001101001100
1000000001001011
1101001011010000
0110010110011110
0110011111001101
1101011000100010
1000000000011101
1110000001110110
0110110111010100
0101111001100001
1100100000010001
1000000110110101
1111000000000111
0111010100111011
0101001010000001
1011100110000000
1000010110011001
0000000101100000
0111101100110001
0100001111111001
1010101011111110
1000110001010001
0001010000110110
0111111100000001
0011001010110010
1001110100111100
1001011001010101
0010100000010010
0111111111100111
0001111010111111
1001000100010011
1010010000000111
0011110001000100
0111110100100010
0000100001110000
1000011101111001
1011010110011001
0100111111100100
0111010111111100
1111000001010111
1000000101111100
1100101100000001
0110000111010010
0110100111100111
1101011101010111
1000000000101011
1110001111100011
0111000010111111
0101100010010010
1011111010100101
1000010001111110
1111111101111011
0111101100111111
0100001000000111
1010011111000110
1000111100111010
0001110010011010
0111111111100010
0010011011000111
1001010001111110
1010000011000100
0011100110011001
0111110101100010
0000011111100001
1000011010110101
1011100011111101
0101010001101010
0111001011001011
1110011011111111
1000000001000101
1101011100011110
0110101010110010
0101111110111001
1100011001100110
1000001011000011
1111100110010111
0111100111111010
0100010010001001
1010100011011001
1000111100111010
0001111000001001
0111111111111001
0010001010001011
1001000101101001
1010010111011000
0100000101011010
0111101011100111
1111110000011000
1000001100100001
1100010110110010
0101111111100101
0110100111100111
1101010010001110
1000000010011010
1110110010010011
0111010111011000
0100110101011110
1011000000011011
1000101101111101
0001011011110001
0111111110110111
0010011101000000
1001001101011000
1010010000000111
0100000000100001
0111101011111001
1111101100101110
1000001010110000
1100100010011011
0110001011000011
0110011010101011
1100111001000101
1000000110011100
1111010110011000
0111100101110110
0100001111111001
1010011010101101
1001000111011000
0010010101101110
0111111111000100
0001011010000110
1000101011000100
1011001010101011
0101000100101011
0111001100100000
1110010001010000
1000000000000101
1110000001110110
0111000101101110
0101001111010001
1011010100011100
1000100111001011
0001010010111111
0111111110110100
0010010110000011
1001000101011100
1010100000110110
0100011011011000
0111011111011010
1110111101000100
1000000010010111
1101011101110000
0110110100111000
0101100101111001
1011101011000000
1000011110100010
0000111110110000
0111111101011000
0010100010111101
1001001010100111
1010011100000000
0100011000101011
0111011111010110
1110111001011110
1000000001101111
1101100111110000
0110111011111111
0101011001010000
1011011001101110
1000100111010100
0001011010001001
0111111111100100
0010000001110100
1000111000000100
1010111010111101
0100111101000110
0111001100010000
1110000110101000
1000000000001011
1110100000101001
0111010111100101
0100100110001010
1010100100000111
1001000111110010
0010100011100100
0111111100100110
0000110000011100
1000010111011111
1100000100110011
0110000000100010
0110011010000101
1100101000011101
1000001101001110
0000001010111010
0111110111010010
0011000010101001
1001010111111111
1010010000111011
0100010011001010
0111011110011101
1110101101111110
1000000000011101
1110000100011101
0111001110000011
0100110100010111
1010101100111100
1001000100100111
0010100010111111
0111111100000000
0000100101110011
1000010010110110
1100011000001100
0110010010001110
0110000101010011
1100000101110010
1000011001001010
0000111101000000
0111111110100001
0010001000011110
1000110110000101
1011000111010000
0101010001110111
0110111010001100
1101010111000011
1000000101010111
1111101000010100
0111110001101100
0011010011111110
1001011110010000
1010001110110000
0100010111001000
0111011001110101
1110011001111000
1000000000000100
1110100111110101
0111011111010010
0100001001011100
1010000010100101
1001101010001100
0011101000100000
0111101010111101
1111001010101111
1000000001100110
1101111011110111
0111001110100100
0100101011010010
1010011101010000
1001010101001010
0011001001101111
0111110011000001
1111101000001101
1000000100011110
1101100011110000
0111000100010010
0100111011110110
1010101010110100
1001001100011000
0010111100101110
0111110101100010
1111110001110110
1000000101100000
1101011110110010
0111000010110111
0100111100011111
1010101001110001
1001001110010010
0011000010001000
0111110011110111
1111100111100111
1000000011110101
1101101100110001
0111001010100111
0100101101010001
1010011010001111
1001011011001111
0011011001101011
0111101101000101
1111001001100100
1000000000111010
1110001110001011
0111011001110001
0100001100111001
1001111101111101
1001110101011100
0100000010000011
0111011110000100
1110011000001001
1000000000011111
1111000011110100
0111101100010011
0011011001000111
1001011000101010
1010100000101101
0100111000011000
0111000001101110
1101010100110101
1000001000101001
0000001110000011
0111111011110000
0010001111011111
1000110000100101
1011100001100110
0101110111011001
0110010001011110
1100000011001110
1000100001100000
0001101011100000
0111111111000100
0000101110101011
1000001110111100
1100111100010001
0110110110100110
0101000110011010
1010101010010011
1001010100011010
0011010111100010
0111101011000001
1110111000011001
1000000000000001
1110110010011110
0111101001100000
0011011011001100
1001010101101011
1010101010001110
0101001000011010
0110110011100101
1100110011100011
1000010010011000
0001000000111001
0111111111111011
0001001110110111
1000010110000110
1100101000011110
0110101110000001
0101001110101010
1010101110010110
1001010100011010
0011011100011011
0111100111110110
1110101000011000
1000000000010110
1111001101010001
0111110010000001
0010111000011011
1000111111010010
1011001111111100
0101101111111110
0110010001011110
1011111001111000
1000101001100111
0010001010111110
0111111010101010
1111111000101101
1000000011011010
1110000100000100
0111011100110000
0011110110000010
1001100001111111
1010100000101101
0101000101000100
0110110001010101
1100100111110101
1000011000100000
0001011110100100
0111111111000001
0000011111111010
1000001000110100
1101100100011110
0111010001001001
0100001100111001
1001110000000110
1010010010011000
0100110111110110
0110111000011101
1100110001011000
1000010110010101
0001011010100010
0111111111000100
0000011101101000
1000000111110101
1101101100110001
0111010101111111
0011111111111110
1001100100111101
1010100001101101
0101001011000001
0110101001101000
1100010101011001
1000100001011010
0001111111000101
0111111011000010
1111110001110110
1000000001110010
1110011101011101
0111101000100100
0011001101100000
1001000100001101
1011010010001010
0101111010100110
0101111111010011
1011010111011110
1001000001011100
0011001001101111
0111101001001101
1110011101001001
1000000010000100
1111111000100011
0111111100011010
0001110000011100
1000011010101011
1100101100001110
0110111010001101
0100101101011011
1010000010100101
1010000101111101
0100110001111000
0110110110111001
1100100100111111
1000011101111100
