0111111111111111
1100111100110100
1010010001011100
0111010000010010
0000110011001100
1000001010000000
0011011110111110
0110010111101001
1010010101000100
1010110001001000
0110000001110010
0101101111111101
1011011111001010
1000011101011111
1111111011000100
0111001011111101
0110101101100101
0000011111101101
1010011001011110
1000000000101100
1001011001010001
1100110100010010
0000100010110010
0011100101101010
0101101010111011
0110111010001011
0111100011100011
0111110110010011
0111111101011010
0111111111100001
0111111111111100
0111111111111110
0111111111111111
0111111111111110
0111111111111100
0111111111100001
0111111101011010
0111110110010011
0111100011100011
0110111010001011
0101101010111011
0011100101101010
0000100010110010
1100110100010010
1001011001010001
1000000000101100
1010011001011110
0000011111101101
0110101101100101
0111001011111101
1111111011000100
1000011101011111
1011011111001010
0101101111111101
0110000001110010
1010110001001000
1010010101000100
0110010111101001
0011011110111110
1000001010000000
0000110011001100
0111010000010010
1010010001011100
1100111100110100
0111111111111111
1100111100110100
1010010001011100
0111010000010010
0000110011001100
1000001010000000
0011011110111110
0110010111101001
1010010101000100
1010110001001000
0110000001110010
0101101111111101
1011011111001010
1000011101011111
1111111011000100
0111001011111101
0110101101100101
0000011111101101
1010011001011110
1000000000101100
1001011001010001
1100110100010010
0000100010110010
0011100101101010
0101101010111011
0110111010001011
0111100011100011
0111110110010011
0111111101011010
0111111111100001
0111111111111100
0111111111111110
0111111111111111
0111111111111110
0111111111111100
0111111111100001
0111111101011010
0111110110010011
0111100011100011
0110111010001011
0101101010111011
0011100101101010
0000100010110010
1100110100010010
1001011001010001
1000000000101100
1010011001011110
0000011111101101
0110101101100101
0111001011111101
1111111011000100
1000011101011111
1011011111001010
0101101111111101
0110000001110010
1010110001001000
1010010101000100
0110010111101001
0011011110111110
1000001010000000
0000110011001100
0111010000010010
1010010001011100
1100111100110100
0111111111111111
1100111100110100
1010010001011100
0111010000010010
0000110011001100
1000001010000000
0011011110111110
0110010111101001
1010010101000100
1010110001001000
0110000001110010
0101101111111101
1011011111001010
1000011101011111
1111111011000100
0111001011111101
0110101101100101
0000011111101101
1010011001011110
1000000000101100
1001011001010001
1100110100010010
0000100010110010
0011100101101010
0101101010111011
0110111010001011
0111100011100011
0111110110010011
0111111101011010
0111111111100001
0111111111111100
0111111111111110
0111111111111111
0111111111111110
0111111111111100
0111111111100001
0111111101011010
0111110110010011
0111100011100011
0110111010001011
0101101010111011
0011100101101010
0000100010110010
1100110100010010
1001011001010001
1000000000101100
1010011001011110
0000011111101101
0110101101100101
0111001011111101
1111111011000100
1000011101011111
1011011111001010
0101101111111101
0110000001110010
1010110001001000
1010010101000100
0110010111101001
0011011110111110
1000001010000000
0000110011001100
0111010000010010
1010010001011100
1100111100110100
0111111111111111
1100111100110100
1010010001011100
0111010000010010
0000110011001100
1000001010000000
0011011110111110
0110010111101001
1010010101000100
1010110001001000
0110000001110010
0101101111111101
1011011111001010
1000011101011111
1111111011000100
0111001011111101
0110101101100101
0000011111101101
1010011001011110
1000000000101100
1001011001010001
1100110100010010
0000100010110010
0011100101101010
0101101010111011
0110111010001011
0111100011100011
0111110110010011
0111111101011010
0111111111100001
0111111111111100
0111111111111110
0111111111111111
0111111111111110
0111111111111100
0111111111100001
0111111101011010
0111110110010011
0111100011100011
0110111010001011
0101101010111011
0011100101101010
0000100010110010
1100110100010010
1001011001010001
1000000000101100
1010011001011110
0000011111101101
0110101101100101
0111001011111101
1111111011000100
1000011101011111
1011011111001010
0101101111111101
0110000001110010
1010110001001000
1010010101000100
0110010111101001
0011011110111110
1000001010000000
0000110011001100
0111010000010010
1010010001011100
1100111100110100
0111111111111111
1100111100110100
1010010001011100
0111010000010010
0000110011001100
1000001010000000
0011011110111110
0110010111101001
1010010101000100
1010110001001000
0110000001110010
0101101111111101
1011011111001010
1000011101011111
1111111011000100
0111001011111101
0110101101100101
0000011111101101
1010011001011110
1000000000101100
1001011001010001
1100110100010010
0000100010110010
0011100101101010
0101101010111011
0110111010001011
0111100011100011
0111110110010011
0111111101011010
0111111111100001
0111111111111100
0111111111111110
0111111111111111
0111111111111110
0111111111111100
0111111111100001
0111111101011010
0111110110010011
0111100011100011
0110111010001011
0101101010111011
0011100101101010
0000100010110010
1100110100010010
1001011001010001
1000000000101100
1010011001011110
0000011111101101
0110101101100101
0111001011111101
1111111011000100
1000011101011111
1011011111001010
0101101111111101
0110000001110010
1010110001001000
1010010101000100
0110010111101001
0011011110111110
1000001010000000
0000110011001100
0111010000010010
1010010001011100
1100111100110100
0111111111111111
1100111100110100
1010010001011100
0111010000010010
0000110011001100
1000001010000000
0011011110111110
0110010111101001
1010010101000100
1010110001001000
0110000001110010
0101101111111101
1011011111001010
1000011101011111
1111111011000100
0111001011111101
0110101101100101
0000011111101101
1010011001011110
1000000000101100
1001011001010001
1100110100010010
0000100010110010
0011100101101010
0101101010111011
0110111010001011
0111100011100011
0111110110010011
0111111101011010
0111111111100001
0111111111111100
0111111111111110
0111111111111111
0111111111111110
0111111111111100
0111111111100001
0111111101011010
0111110110010011
0111100011100011
0110111010001011
0101101010111011
0011100101101010
0000100010110010
1100110100010010
1001011001010001
1000000000101100
1010011001011110
0000011111101101
0110101101100101
0111001011111101
1111111011000100
1000011101011111
1011011111001010
0101101111111101
0110000001110010
1010110001001000
1010010101000100
0110010111101001
0011011110111110
1000001010000000
0000110011001100
0111010000010010
1010010001011100
1100111100110100
0111111111111111
1100111100110100
1010010001011100
0111010000010010
0000110011001100
1000001010000000
0011011110111110
0110010111101001
1010010101000100
1010110001001000
0110000001110010
0101101111111101
1011011111001010
1000011101011111
1111111011000100
0111001011111101
0110101101100101
0000011111101101
1010011001011110
1000000000101100
1001011001010001
1100110100010010
0000100010110010
0011100101101010
0101101010111011
0110111010001011
0111100011100011
0111110110010011
0111111101011010
0111111111100001
0111111111111100
0111111111111110
0111111111111111
0111111111111110
0111111111111100
0111111111100001
0111111101011010
0111110110010011
0111100011100011
0110111010001011
0101101010111011
0011100101101010
0000100010110010
1100110100010010
1001011001010001
1000000000101100
1010011001011110
0000011111101101
0110101101100101
0111001011111101
1111111011000100
1000011101011111
1011011111001010
0101101111111101
0110000001110010
1010110001001000
1010010101000100
0110010111101001
0011011110111110
1000001010000000
0000110011001100
0111010000010010
1010010001011100
1100111100110100
0111111111111111
1100111100110100
1010010001011100
0111010000010010
0000110011001100
1000001010000000
0011011110111110
0110010111101001
1010010101000100
1010110001001000
0110000001110010
0101101111111101
1011011111001010
1000011101011111
1111111011000100
0111001011111101
0110101101100101
0000011111101101
1010011001011110
1000000000101100
1001011001010001
1100110100010010
0000100010110010
0011100101101010
0101101010111011
0110111010001011
0111100011100011
0111110110010011
0111111101011010
0111111111100001
0111111111111100
0111111111111110
0111111111111111
0111111111111110
0111111111111100
0111111111100001
0111111101011010
0111110110010011
0111100011100011
0110111010001011
0101101010111011
0011100101101010
0000100010110010
1100110100010010
1001011001010001
1000000000101100
1010011001011110
0000011111101101
0110101101100101
0111001011111101
1111111011000100
1000011101011111
1011011111001010
0101101111111101
0110000001110010
1010110001001000
1010010101000100
0110010111101001
0011011110111110
1000001010000000
0000110011001100
0111010000010010
1010010001011100
1100111100110100
0111111111111111
1100111100110100
1010010001011100
0111010000010010
0000110011001100
1000001010000000
0011011110111110
0110010111101001
1010010101000100
1010110001001000
0110000001110010
0101101111111101
1011011111001010
1000011101011111
1111111011000100
0111001011111101
0110101101100101
0000011111101101
1010011001011110
1000000000101100
1001011001010001
1100110100010010
0000100010110010
0011100101101010
0101101010111011
0110111010001011
0111100011100011
0111110110010011
0111111101011010
0111111111100001
0111111111111100
0111111111111110
0111111111111111
0111111111111110
0111111111111100
0111111111100001
0111111101011010
0111110110010011
0111100011100011
0110111010001011
0101101010111011
0011100101101010
0000100010110010
1100110100010010
1001011001010001
1000000000101100
1010011001011110
0000011111101101
0110101101100101
0111001011111101
1111111011000100
1000011101011111
1011011111001010
0101101111111101
0110000001110010
1010110001001000
1010010101000100
0110010111101001
0011011110111110
1000001010000000
0000110011001100
0111010000010010
1010010001011100
1100111100110100
0111111111111111
1100111100110100
1010010001011100
0111010000010010
0000110011001100
1000001010000000
0011011110111110
0110010111101001
1010010101000100
1010110001001000
0110000001110010
0101101111111101
1011011111001010
1000011101011111
1111111011000100
0111001011111101
0110101101100101
0000011111101101
1010011001011110
1000000000101100
1001011001010001
1100110100010010
0000100010110010
0011100101101010
0101101010111011
0110111010001011
0111100011100011
0111110110010011
0111111101011010
0111111111100001
0111111111111100
0111111111111110
0111111111111111
0111111111111110
0111111111111100
0111111111100001
0111111101011010
0111110110010011
0111100011100011
0110111010001011
0101101010111011
0011100101101010
0000100010110010
1100110100010010
1001011001010001
1000000000101100
1010011001011110
0000011111101101
0110101101100101
0111001011111101
1111111011000100
1000011101011111
1011011111001010
0101101111111101
0110000001110010
1010110001001000
1010010101000100
0110010111101001
0011011110111110
1000001010000000
0000110011001100
0111010000010010
1010010001011100
1100111100110100
0111111111111111
1100111100110100
1010010001011100
0111010000010010
0000110011001100
1000001010000000
0011011110111110
0110010111101001
1010010101000100
1010110001001000
0110000001110010
0101101111111101
1011011111001010
1000011101011111
1111111011000100
0111001011111101
0110101101100101
0000011111101101
1010011001011110
1000000000101100
1001011001010001
1100110100010010
0000100010110010
0011100101101010
0101101010111011
0110111010001011
0111100011100011
0111110110010011
0111111101011010
0111111111100001
0111111111111100
0111111111111110
0111111111111111
0111111111111110
0111111111111100
0111111111100001
0111111101011010
0111110110010011
0111100011100011
0110111010001011
0101101010111011
0011100101101010
0000100010110010
1100110100010010
1001011001010001
1000000000101100
1010011001011110
0000011111101101
0110101101100101
0111001011111101
1111111011000100
1000011101011111
1011011111001010
0101101111111101
0110000001110010
1010110001001000
1010010101000100
0110010111101001
0011011110111110
1000001010000000
0000110011001100
0111010000010010
1010010001011100
1100111100110100
0111111111111111
1100111100110100
1010010001011100
0111010000010010
0000110011001100
1000001010000000
0011011110111110
0110010111101001
1010010101000100
1010110001001000
0110000001110010
0101101111111101
1011011111001010
1000011101011111
1111111011000100
0111001011111101
0110101101100101
0000011111101101
1010011001011110
1000000000101100
1001011001010001
1100110100010010
0000100010110010
0011100101101010
0101101010111011
0110111010001011
0111100011100011
0111110110010011
0111111101011010
0111111111100001
0111111111111100
0111111111111110
0111111111111111
0111111111111110
0111111111111100
0111111111100001
0111111101011010
0111110110010011
0111100011100011
0110111010001011
0101101010111011
0011100101101010
0000100010110010
1100110100010010
1001011001010001
1000000000101100
1010011001011110
0000011111101101
0110101101100101
0111001011111101
1111111011000100
1000011101011111
1011011111001010
0101101111111101
0110000001110010
1010110001001000
1010010101000100
0110010111101001
0011011110111110
1000001010000000
0000110011001100
0111010000010010
1010010001011100
1100111100110100
0111111111111111
1100111100110100
1010010001011100
0111010000010010
0000110011001100
1000001010000000
0011011110111110
0110010111101001
1010010101000100
1010110001001000
0110000001110010
0101101111111101
1011011111001010
1000011101011111
1111111011000100
0111001011111101
0110101101100101
0000011111101101
1010011001011110
1000000000101100
1001011001010001
1100110100010010
0000100010110010
0011100101101010
0101101010111011
0110111010001011
0111100011100011
0111110110010011
0111111101011010
0111111111100001
0111111111111100
0111111111111110
0111111111111111
0111111111111110
0111111111111100
0111111111100001
0111111101011010
0111110110010011
0111100011100011
0110111010001011
0101101010111011
0011100101101010
0000100010110010
1100110100010010
1001011001010001
1000000000101100
1010011001011110
0000011111101101
0110101101100101
0111001011111101
1111111011000100
1000011101011111
1011011111001010
0101101111111101
0110000001110010
1010110001001000
1010010101000100
0110010111101001
0011011110111110
1000001010000000
0000110011001100
0111010000010010
1010010001011100
1100111100110100
0111111111111111
1100111100110100
1010010001011100
0111010000010010
0000110011001100
1000001010000000
0011011110111110
0110010111101001
1010010101000100
1010110001001000
0110000001110010
0101101111111101
1011011111001010
1000011101011111
1111111011000100
0111001011111101
0110101101100101
0000011111101101
1010011001011110
1000000000101100
1001011001010001
1100110100010010
0000100010110010
0011100101101010
0101101010111011
0110111010001011
0111100011100011
0111110110010011
0111111101011010
0111111111100001
0111111111111100
0111111111111110
0111111111111111
0111111111111110
0111111111111100
0111111111100001
0111111101011010
0111110110010011
0111100011100011
0110111010001011
0101101010111011
0011100101101010
0000100010110010
1100110100010010
1001011001010001
1000000000101100
1010011001011110
0000011111101101
0110101101100101
0111001011111101
1111111011000100
1000011101011111
1011011111001010
0101101111111101
0110000001110010
1010110001001000
1010010101000100
0110010111101001
0011011110111110
1000001010000000
0000110011001100
0111010000010010
1010010001011100
1100111100110100
0111111111111111
1100111100110100
1010010001011100
0111010000010010
0000110011001100
1000001010000000
0011011110111110
0110010111101001
1010010101000100
1010110001001000
0110000001110010
0101101111111101
1011011111001010
1000011101011111
1111111011000100
0111001011111101
0110101101100101
0000011111101101
1010011001011110
1000000000101100
1001011001010001
1100110100010010
0000100010110010
0011100101101010
0101101010111011
0110111010001011
0111100011100011
0111110110010011
0111111101011010
0111111111100001
0111111111111100
0111111111111110
0111111111111111
0111111111111110
0111111111111100
0111111111100001
0111111101011010
0111110110010011
0111100011100011
0110111010001011
0101101010111011
0011100101101010
0000100010110010
1100110100010010
1001011001010001
1000000000101100
1010011001011110
0000011111101101
0110101101100101
0111001011111101
1111111011000100
1000011101011111
1011011111001010
0101101111111101
0110000001110010
1010110001001000
1010010101000100
0110010111101001
0011011110111110
1000001010000000
0000110011001100
0111010000010010
1010010001011100
1100111100110100
0111111111111111
1100111100110100
1010010001011100
0111010000010010
0000110011001100
1000001010000000
0011011110111110
0110010111101001
1010010101000100
1010110001001000
0110000001110010
0101101111111101
1011011111001010
1000011101011111
1111111011000100
0111001011111101
0110101101100101
0000011111101101
1010011001011110
1000000000101100
1001011001010001
1100110100010010
0000100010110010
0011100101101010
0101101010111011
0110111010001011
0111100011100011
0111110110010011
0111111101011010
0111111111100001
0111111111111100
0111111111111110
0111111111111111
0111111111111110
0111111111111100
0111111111100001
0111111101011010
0111110110010011
0111100011100011
0110111010001011
0101101010111011
0011100101101010
0000100010110010
1100110100010010
1001011001010001
1000000000101100
1010011001011110
0000011111101101
0110101101100101
0111001011111101
1111111011000100
1000011101011111
1011011111001010
0101101111111101
0110000001110010
1010110001001000
1010010101000100
0110010111101001
0011011110111110
1000001010000000
0000110011001100
0111010000010010
1010010001011100
1100111100110100
