0000110000110110
0110100000110110
1101111000110111
1111100111100101
0000010110001101
1010111101011100
1111101010100000
0000101100010100
1101110010101011
0100000100110111
0000110011011111
1011101110010011
0011111110101110
1101011100011100
0000001111001000
0100110101111111
1111010011110100
0010001111100100
1101001111011100
1100111001010000
1101110110101011
1100111101010001
0001011011100010
0011011011011101
0010011000000100
0010011000000011
1111110101111000
1101010000010010
0000100110101010
1101000101101111
0001010110000000
0010100001000110
1110001101010100
0000100010011000
1100011110100000
1111011110110000
1110011101001010
0000101001010110
0110110011000110
0001000010000111
1111111011010111
0001011111010011
1100111101000111
1010101010010110
0000010011110011
1111110000110110
0001010001010000
0001011011101000
1111110111101100
0001111101101111
1101000101110101
0000001111101010
0001110111011111
0010001000111100
0000000011000000
1110101011110011
0010010010101100
1010101100111011
1100100101001110
0001100111100000
1111111111101111
0001000101010111
0010100110110001
0010000101001111
0001001110111011
1101110101011000
1110101111011001
0011101000001101
1001101111110000
0000001110001100
0100010110010101
1001111101001010
0010000011000110
0000011011100110
1111001110111110
0010101101100110
1110101100011100
0010001110111111
0011001110001010
1100010001010111
0000011010100110
0010001001010000
1001001110010011
1111110001101101
0000100001110011
1111011100010110
0001111100011110
0000010100100100
0101000110100101
1111010110001110
1101011111110001
0000101011010011
1111101001101011
1101111011011111
1111011011001011
0011001010011111
1110000010011010
1101011101011100
0000011011111010
0000010101010101
1110111010110000
0011010001011111
0011110011011011
0000110101110111
0000011011010001
1011000110011101
1111101101111100
1100101011111010
1101000101101001
0101001000011001
0000010010100100
0001011010101110
0000111101001101
1110110110010110
1111001110010111
1111011001001101
0001100010000100
0011010010110000
1111010010110011
1110001010110001
1111101110101111
1010010100111010
1111011001101010
0000010100100100
0010101010001011
0101001110001010
1111010010100111
0011010101010100
1101010110010100
1011110100101010
0001000100010100
1110010101011001
0000110111110010
0001111101111100
1101111110000111
0000000001001110
1111111000010011
1011111000100010
0100100101111000
0001111011101110
0000101111111101
0100010001101011
1100000100100110
1111110001100010
1101000000110010
1011101111110110
0010001101100000
0000011101101010
0000001000100010
0010110110011001
0001100000010010
1110000000110000
0001000100001011
1111111100111110
0000100000111001
0000001001001100
1110101100110111
0000001110110010
1110010101110111
1110100000011101
1101111111100001
0011001100001111
1111100111000101
1111111111100010
0101111010001011
1110000100001110
0000010100100011
0000011110000110
1101100100011000
1111000011101101
1101000011011111
1111100011111001
0011001100001010
1101110100111001
0000100101111110
0110000001101010
1011001001101100
0000111101100010
0010110101110100
1101000010110110
0010100011111110
1110010011110001
0000100110100011
1111001010010001
1010100101011100
0000011110001011
0001111111011000
1111011111100111
0010110011010011
0100101100010000
0000000111111100
1110011001000001
1100011110101000
0000110100001101
1101011111101010
1101101011010011
0101110100100110
1110101110100001
1110101000111111
1111011010000011
0000000110101011
0000100001011010
1111001110011000
0101011000000011
0010110000011110
1101001011010100
1110001011000001
1110011101011110
1010100110000100
1111110010001101
0010011011111001
0010001101101111
0011100100111111
1110100001100000
0001101110111101
1110011001101010
1101000010101101
0001100001110011
0010000101000011
0000111110010110
1100100110001010
0001000010011010
1101101101101111
1011000110000000
0010101011010010
0011011101101010
0001001001011001
0011001011010101
0001100011001010
1101101011111110
1110011101011111
1011001000000111
0010000111111010
0000010010010111
1100110011111111
0101110001000110
1101001110011011
1111001101011110
0010100001111111
1101010011101011
0011100110010111
0010010100101100
1101010110011001
0010100011001011
1110110000110001
1001100011001110
0010101010010100
1101111101101010
1110101010100111
0100000100101001
1111110011001010
0011000010011111
1111111101010100
0000001011000011
0000000111010111
1110010001110111
1111100010111101
1110101010010011
1111101100001101
1111011001010111
0000101001110011
1111011011100101
0000101000000101
0000100100110111
0000001111101101
0001100011100101
0010000000100101
0000010110111001
1101100101000110
0010011101100000
1010111101101011
1100000101100111
0011010000001100
1101100101110011
0010110000010000
0011011000010001
0000101111100000
0000101011101010
1110010111100100
1110100100110111
0000101111011100
1111001111000100
1111110101100111
0010001101001011
1101101010111110
1110100101000111
1100101000011001
0001100000000000
0011010001001110
1110100100001010
0111000110010100
0001010000110101
1100001001111011
1110011101000010
1101001101000001
1110011100101000
1110100111010111
0010100000001011
0100001110111110
1110000000010001
1101110100011000
0011111100000110
1011111110001001
0000011000001011
0101111010001001
1110000001110010
0010110010101110
1100110001101010
1011100001100110
0000010010001000
1011111110001001
0001000110110001
0110001110110100
0001011001100001
1111000011110101
0011001010110100
1110000011011111
1100011011001001
1111101100000000
0001111011110101
0000100100001110
1101001000101001
0001101100110101
1110110011010100
1101011001001111
1111100010011000
0100010100010101
0010101000001100
1101101111100110
0101011001111110
1110011010111010
1010111111101101
0000011100111000
1101010000110110
1111100111010111
0010000101111101
1110001001111001
0010101101011111
0011011000000000
1010101111001101
0100100010001110
0001011001011111
1011011000111010
0011101001000100
1110011111100101
1111000111111010
1110010101110111
1110011111000111
0001110011000011
1101101101101010
0000000111000001
0100010111100000
0000011101100011
0000000010101000
0011101111001100
1101010001001100
1110001110011100
1110011101000011
1101100110101001
0000110001110001
1110110001100011
0011001110011111
0000010011101010
0000100111111010
0000100010000000
1101010011101010
0011001111101101
0000010101101010
1110111001000100
0010101110011001
1111000011110000
1010100011101111
1111111001100111
1110011011010010
1110110110100001
0100111101011111
0001101111100100
0011011110001111
1111100101100110
1101111101000110
1110010101000010
1101101000010101
0001001000010101
1111000110110000
0010001011110011
0000011011001011
1101101000011000
1110011011011101
1111100110001100
0010000100011111
0001101100110100
0010111010010001
0011001011100100
1110010000111111
1010000111111010
0001001010011101
1011101001101111
1100111111101111
0111110001011010
1110001100110000
0010100100101010
0010000010100000
1011010011001000
0010101001100001
1111011011111000
1110001100100010
0101001011111110
1111010001001101
1011011100110011
0001111000110111
1011100100101011
1110010001100101
0010010100001000
0001010010100010
0101110110110100
1110001011001101
0000110100010001
0010000110011101
1010110110100001
1101110001011010
0010001110110111
1111101010100101
1101000001100100
0010111001011001
0000010110100010
1101101111011100
0000111001000011
0010010110010010
0000110010001100
0000100010110001
0000110000011100
1110111100010100
0001010101100001
1010011000001111
1111000001001111
0011000100110001
1011001001011011
0010011011101100
0011011010000110
0000100100111010
0000101110001000
0000110001011100
0000111000110111
1101100101010110
1100111100111100
0001101011001011
0000100001001011
1011111101111010
0011010101000001
0000001001100111
1101101110001000
0000110011010010
0000101010000101
0011100100100001
1110110101010011
0010110110001010
0000111101110110
1010111110010001
1110100010111000
1101000111100111
1111101000101100
0010001011011101
0000000111100101
0011101101100100
0011110101100011
1001110101100001
0001010111101100
0010001001111000
1010100100011111
0100111111000110
0000010011101101
1110010010101100
1111100001011000
1011010001100001
0000010110000101
0000010101011011
0000100010011101
0101100010000011
0011110100110001
1101011011100101
0000001001011100
1101000011010110
1011110010011000
0001010000010011
1111100001100001
0001111000111101
0001011001111101
1111100111001001
1101101010100010
0000111000101111
0000010111110101
1111010100000100
0110110111100001
1110101101010110
1110001110100001
0000101100000101
1001111000000100
1110010001000010
0001010001000000
1111000111000010
0100010100100001
0011011000101000
1101000110011110
0011100010110111
1101011011010101
1101011000011010
0011110101111101
1100101000011011
0010000110001111
1111001101100111
1100100111000001
0001110110100100
1101110011001101
1111001001100101
0100011110011011
0001111110000000
1111011000000110
0010011000001111
1111001001111110
1110010011101000
1101000110001100
1111010111111010
0000100011100101
1100111111001101
0011000110111101
0000011011111111
0001010000001110
0000111110100001
1110100111100010
0011101110111111
1101110001001110
1101110101001110
0011000000101000
1110111110010000
1100100100000000
0001010110001110
1110100001001011
1110011100100000
0001011111011001
0000010101100100
0101010111111010
1111011110001011
0000000100011111
0010100001010010
1011010011000001
1100011000011010
0000000010010111
0001101100011100
1101111101001101
0010010101011001
0010111010110100
1101001111011011
1111100111000001
0000101000101100
0001000110100111
0001101001110111
0000101110011010
0000001011110100
0001000001001100
1000000011100110
1101101011111011
0100101000010001
1010110001010011
0101100110110011
0101010011010001
1110010100111101
0001111100110111
1011111111010111
1110100110010000
0001111000000001
1100011111110101
0010011001010100
0100100101000000
1000101000011110
0000000101011100
0001100101001000
1011101101101101
0100011100110010
0010101001100110
0011010111100000
0000110110011011
1100101100000101
1110011011011010
1100111110010111
1101100111001111
0000011010110101
0011111000110111
1111110010101011
0000001000110001
0001101111101011
1110101111001011
1110100101100100
0010000000100011
0010000111001001
1111000111100010
0001010101111000
1100001001000010
1111000000100101
1110110110111010
1011110111111110
0101100000010101
0000110001110100
0000010011111100
0100001011001100
1111011111111001
1110000101001110
1111101101010111
1110110010100000
1110111111100100
0000001000000110
1110001011111110
0001100000100111
1111010110000110
0000010001110101
0000110011010101
0000000100111010
0011001111100111
1110000111010000
0010001101110110
0000001010001111
1101010000101001
0000011111110010
1100010101100101
1111100011101010
0000010000101010
1110011001101111
0100001111001010
0011011101110110
1101001000100010
0100000101100100
1111000011000001
1010101100011001
0011101110111101
1011110100111101
0001000100000101
0010111101111111
1011010111001100
0010000111111110
1111100110000110
1100100110100110
0011100010111010
0100001000001011
1111000000110101
0010110001101001
1111111100010001
1011110011001001
1101000010110000
1100111101101100
0010000110111101
0000110011010000
0001100111110011
0010110100000011
0001000111011001
1100100111000100
1110011101110010
0100101010011011
1100100011101010
0001110100001011
0011111000101010
1011011101000111
1110001001101110
1101001100110110
1101101101000110
0100000000011001
0001010110010111
0001001111101101
0111111111111111
1011011001101001
1011111111111100
0011001011110011
1010001110000101
0000010000001111
0001111110010011
0001001111011000
0000000100110110
1100011110001001
0001011011111110
0000100111010010
1110100011110011
0011011001111000
0100100101010111
1101111110101100
1111000100001001
1110010011101100
1101000011000100
1101100101000010
1111001010011010
0100111000101001
1110111110111010
0001110010111011
0010000011001111
1110011110110111
0001101001011101
1100110111100111
0001011101010001
0010100000000100
1011010100001100
1111101000101100
0010111010110101
1010100001010101
1111101010100000
0100111001000101
1101110110110000
0010100001110001
0001101111101000
0001001101000111
1111111001111011
1100111100101010
0000000100001110
1101111110000111
1110011100111101
1110111000100111
0010011010111010
0001000010011000
1111111101110010
0010111001101010
1111000000011110
1111100111010101
0000100100100111
1111001010100100
0000100110000001
0001011011110111
1011011110111111
0001000111101111
1111111011000001
1000110000110010
0110111010010010
0001000011010111
1111001010001101
0111110100110001
1101001010110110
1101011111000111
0000100000000111
1010111101010010
1111100011110100
0010111101100111
1101111010100101
0011100000010001
1111110001001010
1100101011010000
0010001110111011
1101110010011000
0011111100111111
0010101100101001
1110111100101110
0001101111101110
1100111100011001
1010110100111000
1101110110011000
0001111000100011
1111110101110101
0011010100100001
0100100010111011
1111001001000110
1110001110101111
1111101000110111
1110101011110101
1111011010111010
0011000011011111
1101101010010100
0001110101111001
1111000100010011
1001000000101100
0011001011110001
0000100101000111
0000011100100010
0100101000001001
0010111110001111
1111001110100100
1100110101111001
1110100111110010
1110100100110011
1101100001110000
1111111001001010
0100100010101111
1110100100010010
1111001100111001
0001101110110011
1111100010110011
0000100011110000
1111100011110011
0100011101011101
1110011000110101
1101110000011110
0001010011111100
1011010111101101
1111101100011000
1111011100011010
1111100011110110
0101001011101000
1111110001100000
1110001000000001
0111010111101100
1100101001110011
1010110001001110
0110001111111000
1010110111011101
1110000111001010
0010001000001010
1110100111110100
0001110110011111
1110000000000011
0001001111011000
0011000010100000
1101110100100011
0000001011000001
0101000011100000
1101111001110010
1101111100100011
0000111000000111
1011111000000001
1110110000101110
1111000000111001
0001011100111010
0011000111001110
0010010001110010
0000000110100000
0000111000000100
0000100111011000
1001001001001101
0011000101000001
0010010101100010
1011000101100010
0011011010101101
0000010111001000
1011000011111001
0000000111011011
0001000010110100
0000100011101001
0101000110111001
0000011010110110
0010010010001001
1111001100111111
1000011100000100
0001001110000011
1101001101111011
1111100110010100
0100001000010010
0000001110110100
0010000110100011
1111000010101101
1101100010010000
0000111000011011
0001110101101001
1111111010101000
0010100011101010
0000001001101001
1100111111100110
1100001110001100
1101111100101101
0001011001100110
1110000111011101
0110010111110101
0011001110101000
1101111111011011
0011000101000101
1011011011010100
1110000110100110
0001111010001011
1101101110111101
0000100111011110
0010100010011011
1100110010001100
1111001011111110
0000101100100010
1110100110011100
0100000001001000
0000011101000001
0010110011011111
0001001011111000
1011101000000010
1111110111100011
1110000001100011
1101011101011001
1111100000010000
0011010010001101
1111111010010000
0000001011000100
0011010101011011
1110011000011001
0000101011110100
0000110100001000
1110010010000101
0000101111101010
0000001001100000
1011011010000111
0010111110111000
1111110110010111
1001100010000011
0110110101000101
1111101000010111
1110011111100001
0101010011111110
1111010100010001
0001011110111110
1110000111111111
1100001111110011
0001010100011100
1100111001001011
1100101110110000
0110110110100001
1111011110000011
1110010001011100
0100110111010011
1101010010010010
0000010101000000
1111100001101001
0000011011101000
0011000110000010
1101110011010111
1110011101101111
1110101110111010
1110001011011010
1100101001000010
0010101001100100
0101001001001110
0000011100100101
0001011101100101
0010110011011110
1100100010000111
1010011110110110
0010000111111101
1110111000111000
0000100110100010
0001010010111010
1111101000001000
0001010101000001
1010110000110001
0001010100110010
0011101101000001
1111110010111100
0011000000001010
0010100110011010
1101110101101000
1011001110000010
1101010110000111
1110101010111101
0001001010001010
0000010110010110
0011111100100111
0010101100101100
1110001100011011
1111000111111111
1110111001000010
0010010011101011
1101001110100111
0010001111011110
0011010110000011
1001010100101001
0000000000100111
1111010111111000
1100111110111101
0011010000000100
0010011010100100
0001100101100001
0100011111101100
1100011101111011
1110100000101101
0001101011101010
1000111010001100
0011000100110001
0000101100110111
1100111010101110
0100000100111101
1101111111111100
0000001000110101
0010001111101010
1110111000101111
0001100010001010
0010111111100010
1101001111010011
1111101101011011
0000011001010101
1011101111111011
0000000011011110
1111010001010011
0000010000100111
0001010001001000
0010010100010100
0001010110111111
0000110100110100
0001100111011101
1011111010000010
0001001001110100
1110100111110001
1100011001101101
0010110001001011
1111100001100011
1111111010000101
0000111100100110
1110011111000011
0000111101000000
0010100000001001
1101110011101010
0100100001111100
0001110010010110
1010101010100000
0001011101010111
1011110011100101
1101011010101100
0000011110011100
0001000010111111
0101000111001101
0000001010001000
0000010110111011
0000111101100010
1101110101010111
1101101010011101
0001011010101000
0001001001011000
0000100010010100
1110010111001011
1110101111001101
1111101100010110
1010011010001111
0100001010001000
0011110101000110
0000011110111000
0100100111011101
1110010111000110
1111001101010000
1011111000110011
1011010110111100
0011001011011001
