1111111000011111
1111001011110100
0000110011100000
1110010110001110
1101111110011001
1111011111101100
0000010110001110
0010011010000110
0001000000110000
0100010001100101
0011010101010010
0001100001010011
0000011000010111
1110110010111001
0000010011101000
1111110011100001
1110000010101001
1111100010111110
1110000110010000
0000010000000111
0001011100110001
0001101011000101
0100110011001111
0010000011110100
1110000011001111
0000100001001000
1111101001101001
0000110001110010
0000000001011110
1111100100011101
0000011100001001
0001100110101100
0001111101111000
0000111100100100
0000100110001000
0000010101100011
1111011101101010
1111101010011111
0000100001011101
0000000001111011
1111100110010011
1111101011010101
1110001000001000
0000110001111000
0000110010000011
1110011001000000
0010000111111110
0011110111010110
0001110110001010
0011001110010110
0100000000010000
0011001100100010
0010110110101110
0001010100110000
0001001111100111
0110010001001011
0100100011000000
0011010000110011
0011010100111110
0010001110010001
1111100000111000
1111001101001011
0000011000111001
0001010001110101
0001000111010100
0001011010010000
0001011010110011
0000101111001111
1111110101000011
1111111011110011
1110101011101110
1111110111011110
1111000111010001
0001101110011000
1110110110010101
0001010011110011
0001010110100000
0001111000010101
0001011000000111
0000011011101000
0001111100100101
1111001111010110
1111110101110111
0001110001100011
0000101110101101
0000001111101101
0000101001100110
0000101001001111
1101111100000111
1110010100001100
0001110111010100
0000110111111000
0010111110111000
0011111001011010
0010011110111101
0001110110000001
0010101100110100
0010010000000001
0100000010011111
0010000101101011
0000010010110001
1111110110000110
0001000100100101
0100001111110010
0001111111111100
0000111101101001
1111010101001010
0010000101010000
0001100011111100
0010010111010111
1101111010000001
0001101101001000
0001100011001101
0001100110101101
0011001010101100
0001000010100010
0001011101010110
0001111101000101
0010010010001000
0001000011101100
0010000001111011
0001010011000111
0001000101001001
0010111111000000
0011011001001101
0011101110001100
0110011110001010
0100111000111000
0001101111100000
0010100001111000
0101010101010101
0101001100001101
0011001100011001
0001011110001010
0000011111010100
0000011111010111
0010010011010011
0001100010010000
0001010101101111
1110101111110010
1110111001101011
1111001001011101
1110111010110111
0000000101011111
0000000000100010
1110101100000110
1111010010101000
0000100100011100
1111011111101100
0000101000100001
1100111100010011
1100100010100011
1110110001111001
1111010000010100
1111101000000101
0001010001111010
0001101010010000
0000010101001111
0010011000011000
0010100010001111
0000011111111011
0001100001011000
0000010010001010
1111000011100011
1111110001110011
1110000110001011
0000010011101001
1111110011111111
0000110001101011
0000011111011110
1100110101001101
1110101101001101
1111001001000111
1100101000011011
1111100100110000
0010110011101100
0010000010001111
0000011101010100
1111001001100110
1111100000010111
0000111110100000
0000100010001010
0010100011000001
0001011000001011
0001010000011100
1111111010000110
1101011001111011
1101110010101100
1110110001000001
1110110010000111
1110001100001001
1100100111110001
1101110111011100
1111000010010101
1110101001000111
0000000110001010
0000011101000111
1110110101100110
0000111100111110
1111001011000110
0000011001100000
0010001111011000
0001010010100011
1110101100100101
1110011101111001
0000100111011001
0000101110111001
1111110000100101
1111000010110000
1111000010101111
0001000000011011
1111001111111101
0000110000110101
0000111000101011
0010000100001111
0000010001000001
1101100101011000
1110001111000111
1111110100111110
1111000010100000
1111011011010111
1111111001001000
1111001000010110
0000111110101101
0001110101110100
0001110011100011
0100010100100110
1111101010100110
0010001100111111
0010111101110110
0001101011000011
0001000001110100
0011001111000000
1110101100100100
1111011010001101
1111011010010111
1111100111101101
1110111001101111
1101011011001100
1110110110001001
0000010100000100
0001101011111101
0010010010110101
1110111101110111
1111101010001111
0001001110101101
0001010110011010
1110001110111001
1011100111001010
1101100111001001
1100110000110001
1100111000011001
1101011111111110
1110001001011000
1111010001000000
1101011010010100
1110000110101011
1110000101100111
1101110001011011
1110101100001010
0001100001101010
1011101010101000
1110010010010110
1110001110111011
1110010010110001
1100100001111101
1110110010100110
0000000100011001
0001001011011111
0011001100000100
0000000111110110
1111001110111001
1110010100100101
1111010101001110
0000111001110111
0001110010001110
0010100110100101
0100000110001110
0001101101100101
1111100010010011
0010000010100010
1111010101000101
0000010010010110
0001001100111000
0010010111110011
1111111011110110
0000000100110110
0010101111100001
0001111001010001
0010101100101100
0001000000011111
1110110011000011
0000101101101100
0010100001000011
0000100100011100
0011111101011111
0011011000001100
0010001111101110
1110010010110010
0010111111101100
0010001010011101
0001001110100011
0000101011000010
0000101001011001
0001100000010000
0010110011010100
0110011011110000
0011010011110101
0011011101010110
0001100111001110
0010110100100110
0010101100101010
0010000001010011
0010001111001110
0011110000100001
0100000100000000
0110011000001011
0010011100111010
0001110111000100
0011010000101101
0010010111010000
1111110010110011
0001010100001011
0001110011011100
0011011101000001
0000010110100010
0000101011110100
0011001100100011
0010110010110101
0000111101101101
0001101010011000
0011010101111100
0011001011001111
0011011011011110
0010011000001101
0011111000011000
0000101001011111
0010111101010110
0001000111001011
0001100110011000
0000101010011000
0000010111000101
0000111000001111
0011100101011011
0000111110001001
0011000001100100
0011001011010101
0110010001011100
0100011000001101
0001001001000101
0100000101100100
0000010000001100
1111100111110111
0010000010111100
0001010010001001
0001001011111101
0001101010011001
1110010110100000
1110011010101011
1101011010010011
0001011101110010
1101110101101000
1101010000011111
1011110101101100
1110000001011001
1110100111101000
1110110000111100
1111110011001110
1111000010111000
1110011101111110
1111000101100010
1111001101000111
1111101100100101
1101000101101100
1100001110111000
1100100110101110
1100111100111011
1100101111001011
1010101010011101
1101101000110011
1101111011001100
1011110111100110
1011001111101110
1010110101010001
1011100000011111
1100001101101011
1110001111100011
1101100011101010
1101010001100101
1101011100110100
1101011000110100
1011101011010100
1110111110011011
1100110110011001
1100000000011101
1110111010110001
1011001111100100
1111011110100010
1101001010001000
1100010000100011
1100011001100110
1010001100010101
1111001010001101
1001110001010101
1000000000000001
1001111010010011
1100001001101100
1110001111000110
1011001100111111
1110011011011001
1110011001101011
1110001001111110
1110100001101101
1110110011011011
0000000110001001
1110101011100111
0000011101001011
1101000110010000
1110010100000011
1011011111000101
1100011010001100
1011010000111111
1011111110000111
1010110001001101
1010110110100101
1010010010011010
1010110000001011
1100111001110001
1101110010000100
0000001100101110
1111111110011000
1110111111001010
1111100001001110
0010001101011010
1111011101110110
1111001111010110
0000111100000001
1111100000011111
1110100110000010
0001000100011010
1110100100000101
0000010010000010
1111001011011011
1101101101011111
1111100010101011
1100111100011011
1110000010101100
1101111010000011
1011110111111010
1010101111011100
1111100101111101
1110110111110011
1111001110100001
1101000000011001
1100100111110111
1101110011100000
1100101100100000
1110001000000011
1111001110100011
1101011111011110
1101001000001100
1110010000101011
1101001110010011
1100100011100111
1110111110101101
1111000001101001
1110100100011101
1111101000101001
1100001101110011
1101111101000011
0000010001111001
1110100101010010
0000000011110000
0000001001000010
1101010010011010
1100101110001111
1110000111100110
1111110001001101
1110011100100100
1100010010001000
1101001010001110
1100111101111011
1011011010100001
1011011101110001
1011100011001100
1101001100101011
1101011000000011
1111000011111011
1100110011100101
1111110010100000
0000111001111010
1111000110000010
1110000011100001
1100101000010001
1011110110000100
0001011010100010
0000101100100011
1111100001100100
0001000001000110
1111011110011001
1011110001111100
1111010101010010
1110001110100000
1111000111110101
0011111000000001
0001111011001100
0001011100001101
0100011110100010
0010111111111010
0001010001001000
0000000000001110
0100000100110000
0001000010000011
0001000000000110
0001101011110000
1110011101110001
1110011000010101
0001100011111110
1111011001111011
0000011111010010
0011000110001001
0001011000001101
0010110010000010
0011111010101001
0010110110101101
0000100000001011
0000011101000000
1110110101000010
1101011111011001
1110011001001101
1111011001100001
1101010010000001
1111011111111110
1111100110010111
1111111101001000
0000100001001100
0010001001001010
0001111101110110
0001111011001110
0011100010000110
0010000010001010
0010010111100111
0000100000100010
0000111100101010
0001001001010111
0100011011001111
0100101100110100
0010000011101000
0001111001011010
0000110010111110
0001111001000000
1110100100111001
0010111110101100
0001001111101010
0010110000111100
0001110100110011
0001000000110010
0001010010011010
0010101001010111
0001010100000111
0001100010100111
0000101111100100
0010000101101111
0010100011010101
0011101001000010
0010000011110001
0001011111110111
0010010111010001
0011010010010101
0000001001010100
1111001001101000
0000100011001110
1111100100100010
0000110101100011
1110110000011000
0001101110010111
0000100011100010
0001001000011101
0001001011011110
1110000100000011
0001111110101101
0000100101000100
0001100101010001
0001101111000010
0001001101111110
0000000111010111
1110100000100011
1101011100100010
1111000110001000
0010111001111001
0010011001011110
0001001000111010
1101111100000000
1110100111000011
0001000010011001
1111000111100110
1111001110010010
1100101001000001
1110001010101100
1101011110001000
1101100101001000
1110001000001011
1011110110001011
1110000000101111
1101100010011011
1010011111000010
1010010001111110
1010110110110000
1010010011001001
1011001001101001
1101000101100011
1011000101010110
1101001110011100
1110110100110110
1011010111111000
1100110011111100
1100101011110100
1110111000010011
1101011000001110
1110000001100111
0000110010111011
1110011001100010
1100100000101011
1110011010101111
1110101110110100
0000101000001010
0001100100010101
0000100011110001
1110000000000100
1111100100101100
1111110010010101
1110101011100111
1110001011110100
1111110001110001
0010010011010111
1111011001110001
1110011010110010
0000101101001011
0000011111000011
1110101000011000
1110100110110110
0000101001111000
0000011100000001
1101110010101000
1101000010000101
1110110111001100
1101111111011110
1100110111100101
1111111100100111
1111001100100111
1110101000000011
1110101011100011
1110111011101100
1101101011100111
1110101010111001
1101101011101011
0001000001010111
0000011010000100
0001000111110010
1111101111111011
1111110010111100
0001100000110000
0000011001011110
0000101011111011
1111111010010010
1111111101011000
0001100110100011
0010001001101011
0011111001001001
0010011111010100
0011101101111101
0010111011100000
0010010101110011
0101101110101010
0011100011011100
0001101101111011
0010100101000000
0000110010110111
0011010000000111
0010110100010001
1111101100100111
1111011010011101
1101001000111100
1111110001111010
1111110001001010
1111110000100010
1011110100110100
1101101101000100
1101110000111010
1100101110011011
1101011111000110
1110001110110110
1101110000010001
1101100111000101
1100001111001001
1001111001100100
1000011110101100
1001111011100011
1011010010110010
1100100001011010
1011111011010000
0000110011001101
0000110110100011
1100110110111010
1110101000101001
0001100101001110
1110100110111001
0000010110101010
0000111110111000
0010001111111001
0011011011001100
0011001000100001
0010101010010110
0010000111110000
0010001011110101
0011001111110111
1111101111001000
1111111011100101
1101011010000101
1101001011000110
1110111111011100
1110101011010111
1110001001101011
1110111011111111
1110000101011011
0001101011100011
0010011111010100
0001100000111111
1110010000110001
1111011111000010
0000110101011001
0001011101110011
0000111101101101
0000110011111110
0010000000111011
1111101110011000
0000000100000111
1110011001010010
1101001100000110
1101111001101011
1111100011011101
1111011000111100
1101111001100011
1101010011011101
1111010001011011
1111010000110011
1110000111011110
1111000111110111
1010011011100100
1011011000100110
1001101000101101
1110011001001011
1100010111111100
1110011011100110
1011010001101111
1100010100001011
1110001111001110
1111111001101001
1101010100101000
1110110001001010
1100011000111001
1111101000001110
0001100001011100
0000110111010010
0000011011001010
0000001011000101
1110111011011110
1111100010110011
1110000001001111
1111100110111001
1111100011010101
0000011100010010
0000011110011111
0010000111111101
0000011011111011
0010001100110001
0010100101110100
1110001111010100
0010000010001111
0010000000000101
0010000000000001
0000111100111001
0011111100000111
0100110000110010
0100010100101001
0011111010110011
0100010100110000
0011010011110000
0001000010111000
0010100001101111
1111001000100011
1110101010100100
1111010111010100
0000100110101111
0000000011100001
0010111101001111
0010010001010110
0001000000000000
1101110101000000
1110011001101000
1101111111010010
1100111100010000
1100111010011010
0000001100100101
0001100100111000
0001011100010001
1111011001100010
1111001001011010
1101001100000000
1011110110101001
1101100000010011
1101101111110010
1010011111001000
1001100010000001
1011010110001111
1100000010111001
1011111001010101
1011000101110010
1110010101111010
1100010000000111
1101110111001101
0000010100010111
1111010100101000
1011000111000100
1111010010010001
1101100001101100
1111001011001001
0001001111001100
1111101110100110
1110010000010101
1111001111100110
1110001101101001
1110011001101001
1011111010010001
1101100100110001
1100010111000000
1101010100001101
1111100000001101
1110111101000010
1110111111111101
1111011000110100
0001011010010001
0001010101000110
0000111011111101
1100110110100010
1010111000001110
1001111010001101
1110111010011011
1100101001010111
1110110111000110
1110011010111100
1100111110110100
1010001001100001
1110011100111101
1111010011001010
1111000110011011
1110110111100110
1100110110110111
1101100000001110
1101100101110010
1101011110010110
1011011011000101
0001010110001100
0000000010100100
0000010001001110
0000111110100010
0000001111011110
1111000001110000
1111101101111000
0000000100111010
0000010110100010
0001111110000101
0001101010100011
0011001010111001
0100001111001000
0000011111001101
0010111010100000
0000011010101111
0000101100101110
0001011111111110
0000101101101101
0000110110001001
1110010000101001
0001110010010111
0001101111111000
1111001001011000
1110111001011001
1111101010000101
1111111001111101
1110001001111110
1111101111100101
0010100101001110
0010000101101000
0010000000011111
1111011101001001
1100010100001100
0000000010010000
1110101001110110
1111010101011010
0001001001001101
0001011100110001
0010001101111100
1111011111001111
0001010101111101
0010110010001001
0001110100010000
0000001101011110
1111110110100100
1111110111000000
1111000111010101
1110110011011100
0001001110100011
0001101110001110
0010010001000011
1111111110011011
0001001010110011
0000110110111100
0001001000100010
0000111000011110
0001001111010110
0100010001010010
0010001101100010
0100100001010101
0001110110010100
0010010010011000
0100011001000000
0101111000110000
0010111101100100
1111100110111011
0010110111100110
0011100111000111
0100100110110111
1111010101000010
1101010000001101
0010001101000100
1111101000111100
0001000100111000
1110000100001001
0001011101011010
0010011000111000
0000100100011100
0000111010000000
0010110010000111
0010010011111100
0001010111000100
0001011000010001
0001100000110110
0000000000000000
0000111001110110
1111011001001010
1110010011111110
1101001100000011
1110110000010001
0000000001000100
1111000100101001
0000110100010010
1110110000111001
0001011010000111
0001010100010001
0100001111111111
0010010111100000
1110011101110111
0000001001001001
1111011001001010
0000100011000100
0000110010110100
0010000100001110
1111010011010100
1111001011101001
1110100000010000
1111001010000101
0011000111000001
1111101101100000
0010101010110010
0001110111100001
0011100001110010
0011100111101111
0100101000100110
0001100011100001
0101010100100010
0100110010100010
0011010110101001
0100100100100111
0010101001110111
0011000101110111
0011101100101100
0001100000011000
0100000101000110
1111110010110110
0011101100101010
0110000011000111
0001010101011011
0010000011010100
0000001000100011
0000101001101110
0001000110001001
0001011001111001
0001110111000111
0010010001100101
0000101001010111
0001011011000011
0100001110101101
0010111111000110
0001001001011111
0001001011001110
0010110011110101
1111111100011111
0010001101010101
0010001001001111
0010010010101011
0100010011101010
0001101010000001
0001111000111101
0100010010001111
0010011001010111
0001000011011110
0001011110101101
1111101100110100
1101001100000000
1101100010011110
1110111110010111
1111001111110101
1111101110100101
1111010000110001
