0000000000000000
0110101001101100
0111011001000000
0001100011111000
1010010101111110
1000001001110110
1100111100000100
0100011100011100
0111111111111111
0100011100011100
1100111100000100
1000001001110110
1010010101111110
0001100011111000
0111011001000000
0110101001101100
0000000000000000
1001010110010011
1000100110111111
1110011100000111
0101101010000001
0111110110001001
0011000011111011
1011100011100011
1000000000000001
1011100011100011
0011000011111011
0111110110001001
0101101010000001
1110011100000111
1000100110111111
1001010110010011
1111111111111111
0110101001101100
0111011001000000
0001100011111000
1010010101111110
1000001001110110
1100111100000100
0100011100011100
0111111111111111
0100011100011100
1100111100000100
1000001001110110
1010010101111110
0001100011111000
0111011001000000
0110101001101100
1111111111111111
1001010110010011
1000100110111111
1110011100000111
0101101010000001
0111110110001001
0011000011111011
1011100011100011
1000000000000001
1011100011100011
0011000011111011
0111110110001001
0101101010000001
1110011100000111
1000100110111111
1001010110010011
