1111111111111111
1111111111000010
1111111110010011
1111111101111101
1111111110000110
1111111110101100
1111111111100110
0000000000100110
0000000001011101
0000000001111110
0000000010000010
0000000001100110
0000000000110011
1111111111110010
1111111110110101
1111111110001001
1111111101111001
1111111110001001
1111111110110100
1111111111110010
0000000000110011
0000000001101001
0000000010000101
0000000010000010
0000000001100000
0000000000100111
1111111111100101
1111111110101000
1111111110000000
1111111101110110
1111111110001100
1111111110111110
0000000000000000
0000000001000001
0000000001110100
0000000010001011
0000000010000001
0000000001011001
0000000000011011
1111111111010111
1111111110011011
1111111101111000
1111111101110100
1111111110010001
1111111111001001
0000000000001110
0000000001001111
0000000001111110
0000000010001111
0000000001111111
0000000001010000
0000000000001110
1111111111001000
1111111110001111
1111111101110001
1111111101110100
1111111110011000
1111111111010101
0000000000011100
0000000001011101
0000000010001000
0000000010010011
0000000001111011
0000000001000110
1111111111111111
1111111110111001
1111111110000011
1111111101101010
1111111101110101
1111111110100000
1111111111100010
0000000000101011
0000000001101011
0000000010010001
0000000010010101
0000000001110110
0000000000111010
1111111111110000
1111111110101010
1111111101111000
1111111101100101
1111111101110111
1111111110101001
1111111111110000
0000000000111011
0000000001111000
0000000010011001
0000000010010110
0000000001101111
0000000000101101
1111111111100001
1111111110011011
1111111101101101
1111111101100001
1111111101111011
1111111110110100
0000000000000000
0000000001001011
0000000010000110
0000000010100000
0000000010010101
0000000001100111
0000000000011111
1111111111010000
1111111110001100
1111111101100011
1111111101011110
1111111110000000
1111111111000000
0000000000010000
0000000001011100
0000000010010010
0000000010100110
0000000010010011
0000000001011101
0000000000010000
1111111110111111
1111111101111101
1111111101011001
1111111101011101
1111111110000111
1111111111001110
0000000000100001
0000000001101100
0000000010011110
0000000010101011
0000000010001111
0000000001010001
1111111111111111
1111111110101101
1111111101101110
1111111101010001
1111111101011101
1111111110010000
1111111111011101
0000000000110011
0000000001111101
0000000010101010
0000000010101111
0000000010001010
0000000001000100
1111111111101110
1111111110011011
1111111101100000
1111111101001010
1111111101011111
1111111110011010
1111111111101110
0000000001000110
0000000010001110
0000000010110100
0000000010110000
0000000010000011
0000000000110101
1111111111011011
1111111110001001
1111111101010010
1111111101000100
1111111101100011
1111111110100110
1111111111111111
0000000001011001
0000000010011110
0000000010111110
0000000010110001
0000000001111010
0000000000100101
1111111111000111
1111111101110110
1111111101000101
1111111101000000
1111111101101000
1111111110110100
0000000000010011
0000000001101101
0000000010101110
0000000011000110
0000000010101111
0000000001101111
0000000000010011
1111111110110011
1111111101100100
1111111100111001
1111111100111101
1111111101110000
1111111111000100
0000000000100111
0000000010000010
0000000010111110
0000000011001101
0000000010101100
0000000001100010
0000000000000000
1111111110011101
1111111101010001
1111111100101110
1111111100111100
1111111101111001
1111111111010110
0000000000111101
0000000010010111
0000000011001101
0000000011010011
0000000010100110
0000000001010010
1111111111101010
1111111110000110
1111111100111110
1111111100100100
1111111100111101
1111111110000101
1111111111101010
0000000001010101
0000000010101100
0000000011011011
0000000011010111
0000000010011111
0000000001000001
1111111111010011
1111111101101111
1111111100101100
1111111100011011
1111111101000000
1111111110010011
0000000000000000
0000000001101101
0000000011000010
0000000011101001
0000000011011001
0000000010010101
0000000000101110
1111111110111011
1111111101010111
1111111100011011
1111111100010100
1111111101000101
1111111110100011
0000000000010111
0000000010000111
0000000011010111
0000000011110101
0000000011011001
0000000010001001
0000000000011000
1111111110100000
1111111100111110
1111111100001001
1111111100001110
1111111101001101
1111111110110110
0000000000110001
0000000010100010
0000000011101101
0000000100000000
0000000011010111
0000000001111010
1111111111111111
1111111110000100
1111111100100101
1111111011111001
1111111100001011
1111111101010111
1111111111001011
0000000001001101
0000000010111110
0000000100000010
0000000100001010
0000000011010010
0000000001101000
1111111111100101
1111111101100110
1111111100001011
1111111011101001
1111111100001001
1111111101100100
1111111111100100
0000000001101100
0000000011011011
0000000100010111
0000000100010010
0000000011001011
0000000001010011
1111111111000111
1111111101000111
1111111011110001
1111111011011011
1111111100001010
1111111101110100
0000000000000000
0000000010001101
0000000011111010
0000000100101100
0000000100011000
0000000011000001
0000000000111011
1111111110100110
1111111100100101
1111111011010110
1111111011001110
1111111100001101
1111111110000111
0000000000011111
0000000010110000
0000000100011001
0000000101000000
0000000100011100
0000000010110100
0000000000011111
1111111110000010
1111111100000001
1111111010111011
1111111011000010
1111111100010011
1111111110011110
0000000001000001
0000000011010110
0000000100111010
0000000101010100
0000000100011110
0000000010100011
1111111111111111
1111111101011011
1111111011011011
1111111010100000
1111111010110111
1111111100011101
1111111110111001
0000000001101000
0000000100000000
0000000101011101
0000000101100111
0000000100011101
0000000010001101
1111111111011011
1111111100101111
1111111010110011
1111111010000100
1111111010101111
1111111100101010
1111111111011010
0000000010010100
0000000100101101
0000000110000001
0000000101111001
0000000100011000
0000000001110100
1111111110110001
1111111011111111
1111111010000111
1111111001101000
1111111010101001
1111111100111100
1111111111111111
0000000011000101
0000000101011111
0000000110100111
0000000110001011
0000000100010001
0000000001010100
1111111110000001
1111111011001001
1111111001011000
1111111001001011
1111111010100101
1111111101010011
0000000000101100
0000000011111110
0000000110010110
0000000111001111
0000000110011011
0000000100000101
0000000000101110
1111111101001001
1111111010001100
1111111000100101
1111111000101101
1111111010100100
1111111101110000
0000000001100001
0000000100111110
0000000111010011
0000000111111011
0000000110101010
0000000011110011
1111111111111111
1111111100001000
1111111001000111
1111110111101100
1111111000001110
1111111010100111
1111111110010101
0000000010100000
0000000110001001
0000001000011000
0000001000101010
0000000110111001
0000000011011100
1111111111000111
1111111010111010
1111110111110111
1111110110101011
1111110111101101
1111111010101110
1111111111000011
0000000011101100
0000000111100010
0000001001101001
0000001001100000
0000000111000101
0000000010111100
1111111110000000
1111111001011100
1111110110010111
1111110101100000
1111110111001001
1111111010111011
0000000000000000
0000000101001011
0000001001001110
0000001011001010
0000001010011110
0000000111010001
0000000010010000
1111111100100110
1111110111100111
1111110100100001
1111110100000110
1111110110100000
1111111011001111
0000000001001110
0000000111000100
0000001011010110
0000001101000010
0000001011101001
0000000111011011
0000000001010100
1111111010101111
1111110101001111
1111110010001011
1111110010010100
1111110101110000
1111111011101111
0000000010111010
0000001001100101
0000001110001010
0000001111011111
0000001101001000
0000000111100100
0000000000000000
1111111000001100
1111110010000000
1111101110111110
1111101111111100
1111110100110010
1111111100011111
0000000101010011
0000001101001010
0000010010001001
0000010010111100
0000001111001101
0000000111101011
1111111101111111
1111110100011010
1111101101001110
1111101010010001
1111101100011011
1111110011011001
1111111101101110
0000001001000100
0000010010110000
0000011000010110
0000011000010110
0000010010011100
0000000111110000
1111111010101001
1111101110000111
1111100101001110
1111100010010101
1111100110011111
1111110001000110
0000000000000000
0000001111110111
0000011100111010
0000100011110010
0000100010011010
0000011000100000
0000000111110100
1111110011111000
1111100001010001
1111010100100110
1111010001100000
1111011001100110
1111101100000010
0000000101011000
0000100000001100
0000110110000110
0001000001001100
0000111101010100
0000101001011000
0000000111110111
1111011110101111
1110110110101101
1110011001101101
1110010001000110
1110100011110011
1111010100101111
0000100001111010
0010000100010101
0011110000111001
0101011001111111
0110110001100111
0111101011101010
0111111111111111
0111101011101010
0110110001100111
0101011001111111
0011110000111001
0010000100010101
0000100001111010
1111010100101111
1110100011110011
1110010001000110
1110011001101101
1110110110101101
1111011110101111
0000000111110111
0000101001011000
0000111101010100
0001000001001100
0000110110000110
0000100000001100
0000000101011000
1111101100000010
1111011001100110
1111010001100000
1111010100100110
1111100001010001
1111110011111000
0000000111110100
0000011000100000
0000100010011010
0000100011110010
0000011100111010
0000001111110111
0000000000000000
1111110001000110
1111100110011111
1111100010010101
1111100101001110
1111101110000111
1111111010101001
0000000111110000
0000010010011100
0000011000010110
0000011000010110
0000010010110000
0000001001000100
1111111101101110
1111110011011001
1111101100011011
1111101010010001
1111101101001110
1111110100011010
1111111101111111
0000000111101011
0000001111001101
0000010010111100
0000010010001001
0000001101001010
0000000101010011
1111111100011111
1111110100110010
1111101111111100
1111101110111110
1111110010000000
1111111000001100
0000000000000000
0000000111100100
0000001101001000
0000001111011111
0000001110001010
0000001001100101
0000000010111010
1111111011101111
1111110101110000
1111110010010100
1111110010001011
1111110101001111
1111111010101111
0000000001010100
0000000111011011
0000001011101001
0000001101000010
0000001011010110
0000000111000100
0000000001001110
1111111011001111
1111110110100000
1111110100000110
1111110100100001
1111110111100111
1111111100100110
0000000010010000
0000000111010001
0000001010011110
0000001011001010
0000001001001110
0000000101001011
0000000000000000
1111111010111011
1111110111001001
1111110101100000
1111110110010111
1111111001011100
1111111110000000
0000000010111100
0000000111000101
0000001001100000
0000001001101001
0000000111100010
0000000011101100
1111111111000011
1111111010101110
1111110111101101
1111110110101011
1111110111110111
1111111010111010
1111111111000111
0000000011011100
0000000110111001
0000001000101010
0000001000011000
0000000110001001
0000000010100000
1111111110010101
1111111010100111
1111111000001110
1111110111101100
1111111001000111
1111111100001000
1111111111111111
0000000011110011
0000000110101010
0000000111111011
0000000111010011
0000000100111110
0000000001100001
1111111101110000
1111111010100100
1111111000101101
1111111000100101
1111111010001100
1111111101001001
0000000000101110
0000000100000101
0000000110011011
0000000111001111
0000000110010110
0000000011111110
0000000000101100
1111111101010011
1111111010100101
1111111001001011
1111111001011000
1111111011001001
1111111110000001
0000000001010100
0000000100010001
0000000110001011
0000000110100111
0000000101011111
0000000011000101
1111111111111111
1111111100111100
1111111010101001
1111111001101000
1111111010000111
1111111011111111
1111111110110001
0000000001110100
0000000100011000
0000000101111001
0000000110000001
0000000100101101
0000000010010100
1111111111011010
1111111100101010
1111111010101111
1111111010000100
1111111010110011
1111111100101111
1111111111011011
0000000010001101
0000000100011101
0000000101100111
0000000101011101
0000000100000000
0000000001101000
1111111110111001
1111111100011101
1111111010110111
1111111010100000
1111111011011011
1111111101011011
1111111111111111
0000000010100011
0000000100011110
0000000101010100
0000000100111010
0000000011010110
0000000001000001
1111111110011110
1111111100010011
1111111011000010
1111111010111011
1111111100000001
1111111110000010
0000000000011111
0000000010110100
0000000100011100
0000000101000000
0000000100011001
0000000010110000
0000000000011111
1111111110000111
1111111100001101
1111111011001110
1111111011010110
1111111100100101
1111111110100110
0000000000111011
0000000011000001
0000000100011000
0000000100101100
0000000011111010
0000000010001101
0000000000000000
1111111101110100
1111111100001010
1111111011011011
1111111011110001
1111111101000111
1111111111000111
0000000001010011
0000000011001011
0000000100010010
0000000100010111
0000000011011011
0000000001101100
1111111111100100
1111111101100100
1111111100001001
1111111011101001
1111111100001011
1111111101100110
1111111111100101
0000000001101000
0000000011010010
0000000100001010
0000000100000010
0000000010111110
0000000001001101
1111111111001011
1111111101010111
1111111100001011
1111111011111001
1111111100100101
1111111110000100
0000000000000000
0000000001111010
0000000011010111
0000000100000000
0000000011101101
0000000010100010
0000000000110001
1111111110110110
1111111101001101
1111111100001110
1111111100001001
1111111100111110
1111111110100000
0000000000011000
0000000010001001
0000000011011001
0000000011110101
0000000011010111
0000000010000111
0000000000010111
1111111110100011
1111111101000101
1111111100010100
1111111100011011
1111111101010111
1111111110111011
0000000000101110
0000000010010101
0000000011011001
0000000011101001
0000000011000010
0000000001101101
0000000000000000
1111111110010011
1111111101000000
1111111100011011
1111111100101100
1111111101101111
1111111111010011
0000000001000001
0000000010011111
0000000011010111
0000000011011011
0000000010101100
0000000001010101
1111111111101010
1111111110000101
1111111100111101
1111111100100100
1111111100111110
1111111110000110
1111111111101010
0000000001010010
0000000010100110
0000000011010011
0000000011001101
0000000010010111
0000000000111101
1111111111010110
1111111101111001
1111111100111100
1111111100101110
1111111101010001
1111111110011101
0000000000000000
0000000001100010
0000000010101100
0000000011001101
0000000010111110
0000000010000010
0000000000100111
1111111111000100
1111111101110000
1111111100111101
1111111100111001
1111111101100100
1111111110110011
0000000000010011
0000000001101111
0000000010101111
0000000011000110
0000000010101110
0000000001101101
0000000000010011
1111111110110100
1111111101101000
1111111101000000
1111111101000101
1111111101110110
1111111111000111
0000000000100101
0000000001111010
0000000010110001
0000000010111110
0000000010011110
0000000001011001
0000000000000000
1111111110100110
1111111101100011
1111111101000100
1111111101010010
1111111110001001
1111111111011011
0000000000110101
0000000010000011
0000000010110000
0000000010110100
0000000010001110
0000000001000110
1111111111101110
1111111110011010
1111111101011111
1111111101001010
1111111101100000
1111111110011011
1111111111101110
0000000001000100
0000000010001010
0000000010101111
0000000010101010
0000000001111101
0000000000110011
1111111111011101
1111111110010000
1111111101011101
1111111101010001
1111111101101110
1111111110101101
1111111111111111
0000000001010001
0000000010001111
0000000010101011
0000000010011110
0000000001101100
0000000000100001
1111111111001110
1111111110000111
1111111101011101
1111111101011001
1111111101111101
1111111110111111
0000000000010000
0000000001011101
0000000010010011
0000000010100110
0000000010010010
0000000001011100
0000000000010000
1111111111000000
1111111110000000
1111111101011110
1111111101100011
1111111110001100
1111111111010000
0000000000011111
0000000001100111
0000000010010101
0000000010100000
0000000010000110
0000000001001011
1111111111111111
1111111110110100
1111111101111011
1111111101100001
1111111101101101
1111111110011011
1111111111100001
0000000000101101
0000000001101111
0000000010010110
0000000010011001
0000000001111000
0000000000111011
1111111111110000
1111111110101001
1111111101110111
1111111101100101
1111111101111000
1111111110101010
1111111111110000
0000000000111010
0000000001110110
0000000010010101
0000000010010001
0000000001101011
0000000000101011
1111111111100010
1111111110100000
1111111101110101
1111111101101010
1111111110000011
1111111110111001
1111111111111111
0000000001000110
0000000001111011
0000000010010011
0000000010001000
0000000001011101
0000000000011100
1111111111010101
1111111110011000
1111111101110100
1111111101110001
1111111110001111
1111111111001000
0000000000001110
0000000001010000
0000000001111111
0000000010001111
0000000001111110
0000000001001111
0000000000001110
1111111111001001
1111111110010001
1111111101110100
1111111101111000
1111111110011011
1111111111010111
0000000000011011
0000000001011001
0000000010000001
0000000010001011
0000000001110100
0000000001000001
0000000000000000
1111111110111110
1111111110001100
1111111101110110
1111111110000000
1111111110101000
1111111111100101
0000000000100111
0000000001100000
0000000010000010
0000000010000101
0000000001101001
0000000000110011
1111111111110010
1111111110110100
1111111110001001
1111111101111001
1111111110001001
1111111110110101
1111111111110010
0000000000110011
0000000001100110
0000000010000010
0000000001111110
0000000001011101
0000000000100110
1111111111100110
1111111110101100
1111111110000110
1111111101111101
1111111110010011
1111111111000010
